name: Greg Borenstein
color: [241, 68, 253, 255]
point1: [8.85111331939697, 9.96286392211914, 0]
point2: [35.9176063537598, 35.701545715332, 0]
size1: 15
size2: 9